 &plot nbnd=   8, nks=   361 /
            0.000000  0.000000  0.000000
   -5.999    9.298    9.298    9.298   15.368   16.512   16.512   16.512
           -0.010000  0.000000  0.000000
   -5.998    9.296    9.297    9.297   15.370   16.510   16.514   16.514
           -0.020000  0.000000  0.000000
   -5.996    9.290    9.293    9.293   15.376   16.505   16.519   16.519
           -0.030000  0.000000  0.000000
   -5.993    9.279    9.286    9.286   15.386   16.495   16.529   16.529
           -0.040000  0.000000  0.000000
   -5.988    9.264    9.277    9.277   15.399   16.483   16.542   16.542
           -0.050000  0.000000  0.000000
   -5.982    9.244    9.265    9.265   15.417   16.467   16.559   16.559
           -0.060000  0.000000  0.000000
   -5.975    9.221    9.251    9.251   15.438   16.448   16.580   16.580
           -0.070000  0.000000  0.000000
   -5.967    9.194    9.234    9.234   15.463   16.425   16.604   16.604
           -0.080000  0.000000  0.000000
   -5.957    9.163    9.215    9.215   15.490   16.400   16.632   16.632
           -0.090000  0.000000  0.000000
   -5.946    9.128    9.194    9.194   15.520   16.372   16.663   16.663
           -0.100000  0.000000  0.000000
   -5.934    9.090    9.170    9.170   15.552   16.341   16.698   16.698
           -0.110000  0.000000  0.000000
   -5.920    9.048    9.144    9.144   15.586   16.308   16.736   16.736
           -0.120000  0.000000  0.000000
   -5.906    9.002    9.116    9.116   15.621   16.275   16.777   16.777
           -0.130000  0.000000  0.000000
   -5.889    8.954    9.086    9.086   15.656   16.240   16.822   16.822
           -0.140000  0.000000  0.000000
   -5.872    8.903    9.054    9.054   15.688   16.207   16.869   16.869
           -0.150000  0.000000  0.000000
   -5.853    8.848    9.021    9.021   15.717   16.177   16.919   16.919
           -0.160000  0.000000  0.000000
   -5.833    8.791    8.985    8.985   15.738   16.154   16.972   16.972
           -0.170000  0.000000  0.000000
   -5.812    8.732    8.948    8.948   15.747   16.141   17.028   17.028
           -0.180000  0.000000  0.000000
   -5.790    8.670    8.910    8.910   15.741   16.141   17.087   17.087
           -0.190000  0.000000  0.000000
   -5.766    8.605    8.870    8.870   15.719   16.155   17.147   17.147
           -0.200000  0.000000  0.000000
   -5.741    8.539    8.829    8.829   15.684   16.180   17.211   17.211
           -0.210000  0.000000  0.000000
   -5.714    8.471    8.786    8.786   15.639   16.213   17.276   17.276
           -0.220000  0.000000  0.000000
   -5.687    8.400    8.743    8.743   15.586   16.250   17.344   17.344
           -0.230000  0.000000  0.000000
   -5.658    8.328    8.698    8.698   15.528   16.289   17.413   17.413
           -0.240000  0.000000  0.000000
   -5.628    8.254    8.652    8.652   15.465   16.328   17.485   17.485
           -0.250000  0.000000  0.000000
   -5.597    8.178    8.606    8.606   15.399   16.366   17.558   17.558
           -0.260000  0.000000  0.000000
   -5.564    8.101    8.559    8.559   15.331   16.401   17.633   17.633
           -0.270000  0.000000  0.000000
   -5.530    8.023    8.511    8.511   15.260   16.434   17.710   17.710
           -0.280000  0.000000  0.000000
   -5.495    7.943    8.463    8.463   15.187   16.462   17.789   17.789
           -0.290000  0.000000  0.000000
   -5.459    7.862    8.414    8.414   15.112   16.485   17.869   17.869
           -0.300000  0.000000  0.000000
   -5.421    7.780    8.365    8.365   15.036   16.503   17.950   17.950
           -0.310000  0.000000  0.000000
   -5.382    7.697    8.315    8.315   14.958   16.514   18.032   18.032
           -0.320000  0.000000  0.000000
   -5.342    7.612    8.265    8.265   14.878   16.518   18.116   18.116
           -0.330000  0.000000  0.000000
   -5.301    7.527    8.215    8.215   14.798   16.515   18.201   18.201
           -0.340000  0.000000  0.000000
   -5.258    7.441    8.164    8.164   14.716   16.504   18.287   18.287
           -0.350000  0.000000  0.000000
   -5.215    7.353    8.114    8.114   14.633   16.486   18.374   18.374
           -0.360000  0.000000  0.000000
   -5.170    7.265    8.063    8.063   14.549   16.459   18.462   18.462
           -0.370000  0.000000  0.000000
   -5.124    7.176    8.013    8.013   14.464   16.425   18.551   18.551
           -0.380000  0.000000  0.000000
   -5.076    7.086    7.963    7.963   14.379   16.385   18.640   18.640
           -0.390000  0.000000  0.000000
   -5.028    6.995    7.912    7.912   14.292   16.338   18.730   18.730
           -0.400000  0.000000  0.000000
   -4.978    6.904    7.862    7.862   14.205   16.285   18.821   18.821
           -0.410000  0.000000  0.000000
   -4.928    6.812    7.812    7.812   14.118   16.226   18.912   18.912
           -0.420000  0.000000  0.000000
   -4.876    6.719    7.762    7.762   14.029   16.164   19.004   19.004
           -0.430000  0.000000  0.000000
   -4.822    6.625    7.713    7.713   13.940   16.098   19.097   19.097
           -0.440000  0.000000  0.000000
   -4.768    6.531    7.664    7.664   13.851   16.028   19.190   19.190
           -0.450000  0.000000  0.000000
   -4.713    6.436    7.615    7.615   13.762   15.957   19.283   19.283
           -0.460000  0.000000  0.000000
   -4.656    6.340    7.567    7.567   13.672   15.883   19.376   19.376
           -0.470000  0.000000  0.000000
   -4.598    6.244    7.519    7.519   13.582   15.808   19.470   19.470
           -0.480000  0.000000  0.000000
   -4.539    6.147    7.472    7.472   13.493   15.733   19.564   19.564
           -0.490000  0.000000  0.000000
   -4.480    6.050    7.425    7.425   13.403   15.657   19.659   19.659
           -0.500000  0.000000  0.000000
   -4.419    5.952    7.379    7.379   13.313   15.581   19.753   19.753
           -0.510000  0.000000  0.000000
   -4.356    5.853    7.333    7.333   13.224   15.505   19.847   19.847
           -0.520000  0.000000  0.000000
   -4.293    5.754    7.288    7.288   13.135   15.429   19.942   19.942
           -0.530000  0.000000  0.000000
   -4.229    5.655    7.243    7.243   13.046   15.355   20.036   20.036
           -0.540000  0.000000  0.000000
   -4.164    5.555    7.200    7.200   12.958   15.281   20.131   20.131
           -0.550000  0.000000  0.000000
   -4.098    5.454    7.156    7.156   12.870   15.208   20.225   20.225
           -0.560000  0.000000  0.000000
   -4.030    5.353    7.114    7.114   12.784   15.136   20.319   20.319
           -0.570000  0.000000  0.000000
   -3.962    5.251    7.072    7.072   12.698   15.066   20.413   20.413
           -0.580000  0.000000  0.000000
   -3.893    5.149    7.031    7.031   12.613   14.997   20.507   20.507
           -0.590000  0.000000  0.000000
   -3.823    5.047    6.991    6.991   12.529   14.929   20.600   20.600
           -0.600000  0.000000  0.000000
   -3.751    4.944    6.951    6.951   12.446   14.864   20.693   20.693
           -0.610000  0.000000  0.000000
   -3.679    4.841    6.912    6.912   12.364   14.799   20.785   20.785
           -0.620000  0.000000  0.000000
   -3.606    4.737    6.874    6.874   12.284   14.736   20.877   20.877
           -0.630000  0.000000  0.000000
   -3.533    4.634    6.837    6.837   12.205   14.675   20.969   20.969
           -0.640000  0.000000  0.000000
   -3.458    4.530    6.801    6.801   12.127   14.616   21.060   21.060
           -0.650000  0.000000  0.000000
   -3.382    4.425    6.765    6.765   12.051   14.558   21.151   21.151
           -0.660000  0.000000  0.000000
   -3.306    4.321    6.731    6.731   11.977   14.502   21.240   21.240
           -0.670000  0.000000  0.000000
   -3.229    4.216    6.697    6.697   11.904   14.448   21.329   21.329
           -0.680000  0.000000  0.000000
   -3.151    4.112    6.664    6.664   11.833   14.395   21.417   21.417
           -0.690000  0.000000  0.000000
   -3.073    4.007    6.632    6.632   11.764   14.344   21.505   21.505
           -0.700000  0.000000  0.000000
   -2.994    3.902    6.601    6.601   11.696   14.295   21.591   21.591
           -0.710000  0.000000  0.000000
   -2.914    3.798    6.571    6.571   11.631   14.248   21.676   21.676
           -0.720000  0.000000  0.000000
   -2.834    3.693    6.542    6.542   11.567   14.202   21.760   21.760
           -0.730000  0.000000  0.000000
   -2.754    3.589    6.514    6.514   11.506   14.157   21.843   21.843
           -0.740000  0.000000  0.000000
   -2.673    3.485    6.487    6.487   11.446   14.115   21.924   21.924
           -0.750000  0.000000  0.000000
   -2.592    3.381    6.461    6.461   11.389   14.074   22.004   22.004
           -0.760000  0.000000  0.000000
   -2.510    3.278    6.435    6.435   11.333   14.035   22.082   22.082
           -0.770000  0.000000  0.000000
   -2.428    3.175    6.411    6.411   11.280   13.997   22.159   22.159
           -0.780000  0.000000  0.000000
   -2.347    3.073    6.388    6.388   11.229   13.961   22.234   22.234
           -0.790000  0.000000  0.000000
   -2.265    2.972    6.365    6.365   11.179   13.927   22.307   22.307
           -0.800000  0.000000  0.000000
   -2.183    2.872    6.344    6.344   11.133   13.894   22.377   22.377
           -0.810000  0.000000  0.000000
   -2.102    2.773    6.324    6.324   11.088   13.863   22.446   22.446
           -0.820000  0.000000  0.000000
   -2.022    2.675    6.304    6.304   11.046   13.834   22.513   22.513
           -0.830000  0.000000  0.000000
   -1.941    2.579    6.286    6.286   11.005   13.806   22.576   22.576
           -0.840000  0.000000  0.000000
   -1.862    2.484    6.269    6.269   10.967   13.780   22.638   22.638
           -0.850000  0.000000  0.000000
   -1.784    2.392    6.252    6.252   10.932   13.756   22.696   22.696
           -0.860000  0.000000  0.000000
   -1.708    2.301    6.237    6.237   10.898   13.733   22.752   22.752
           -0.870000  0.000000  0.000000
   -1.633    2.214    6.223    6.223   10.867   13.711   22.805   22.805
           -0.880000  0.000000  0.000000
   -1.560    2.129    6.210    6.210   10.838   13.692   22.854   22.854
           -0.890000  0.000000  0.000000
   -1.489    2.047    6.197    6.197   10.812   13.674   22.901   22.901
           -0.900000  0.000000  0.000000
   -1.422    1.970    6.186    6.186   10.787   13.657   22.943   22.943
           -0.910000  0.000000  0.000000
   -1.357    1.896    6.176    6.176   10.765   13.642   22.983   22.983
           -0.920000  0.000000  0.000000
   -1.297    1.828    6.167    6.167   10.746   13.629   23.018   23.018
           -0.930000  0.000000  0.000000
   -1.242    1.765    6.159    6.159   10.728   13.617   23.050   23.050
           -0.940000  0.000000  0.000000
   -1.192    1.709    6.153    6.153   10.713   13.607   23.077   23.077
           -0.950000  0.000000  0.000000
   -1.148    1.660    6.147    6.147   10.701   13.598   23.101   23.101
           -0.960000  0.000000  0.000000
   -1.110    1.618    6.142    6.142   10.690   13.591   23.121   23.121
           -0.970000  0.000000  0.000000
   -1.081    1.585    6.138    6.138   10.682   13.586   23.136   23.136
           -0.980000  0.000000  0.000000
   -1.059    1.560    6.136    6.136   10.676   13.581   23.147   23.147
           -0.990000  0.000000  0.000000
   -1.045    1.546    6.134    6.134   10.673   13.579   23.153   23.153
           -1.000000  0.000000  0.000000
   -1.041    1.541    6.133    6.133   10.672   13.578   23.156   23.156
           -1.000000  0.000000  0.016667
   -1.040    1.542    6.128    6.128   10.681   13.587   23.144   23.156
           -1.000000  0.000000  0.033333
   -1.039    1.546    6.111    6.114   10.710   13.612   23.111   23.158
           -1.000000  0.000000  0.050000
   -1.036    1.554    6.083    6.089   10.757   13.655   23.055   23.160
           -1.000000  0.000000  0.066667
   -1.032    1.563    6.045    6.055   10.821   13.713   22.977   23.163
           -1.000000  0.000000  0.083333
   -1.027    1.576    5.999    6.012   10.902   13.788   22.879   23.167
           -1.000000  0.000000  0.100000
   -1.021    1.592    5.944    5.962   10.998   13.877   22.763   23.172
           -1.000000  0.000000  0.116667
   -1.014    1.610    5.883    5.903   11.109   13.981   22.629   23.177
           -1.000000  0.000000  0.133333
   -1.007    1.631    5.816    5.839   11.232   14.099   22.478   23.182
           -1.000000  0.000000  0.150000
   -0.998    1.654    5.745    5.768   11.367   14.230   22.314   23.186
           -1.000000  0.000000  0.166667
   -0.988    1.680    5.672    5.692   11.512   14.373   22.136   23.181
           -1.000000  0.000000  0.183333
   -0.978    1.708    5.596    5.612   11.666   14.528   21.947   23.109
           -1.000000  0.000000  0.200000
   -0.968    1.738    5.519    5.529   11.828   14.693   21.749   22.971
           -1.000000  0.000000  0.216667
   -0.957    1.771    5.442    5.443   11.997   14.868   21.543   22.811
           -1.000000  0.000000  0.233333
   -0.945    1.805    5.356    5.366   12.172   15.052   21.330   22.637
           -1.000000  0.000000  0.250000
   -0.934    1.841    5.267    5.291   12.351   15.245   21.113   22.450
           -1.000000  0.000000  0.266667
   -0.922    1.879    5.179    5.218   12.534   15.445   20.892   22.252
           -1.000000  0.000000  0.283333
   -0.910    1.917    5.090    5.148   12.720   15.653   20.669   22.043
           -1.000000  0.000000  0.300000
   -0.898    1.957    5.004    5.081   12.907   15.868   20.447   21.825
           -1.000000  0.000000  0.316667
   -0.887    1.996    4.919    5.018   13.094   16.088   20.226   21.599
           -1.000000  0.000000  0.333333
   -0.876    2.036    4.837    4.959   13.280   16.315   20.008   21.366
           -1.000000  0.000000  0.350000
   -0.866    2.075    4.759    4.904   13.462   16.546   19.795   21.126
           -1.000000  0.000000  0.366667
   -0.856    2.114    4.685    4.854   13.639   16.782   19.591   20.882
           -1.000000  0.000000  0.383333
   -0.847    2.150    4.617    4.809   13.808   17.022   19.396   20.633
           -1.000000  0.000000  0.400000
   -0.839    2.184    4.555    4.770   13.967   17.265   19.216   20.381
           -1.000000  0.000000  0.416667
   -0.832    2.214    4.501    4.736   14.112   17.512   19.052   20.127
           -1.000000  0.000000  0.433333
   -0.826    2.241    4.455    4.708   14.239   17.760   18.909   19.873
           -1.000000  0.000000  0.450000
   -0.822    2.262    4.418    4.687   14.344   18.008   18.792   19.619
           -1.000000  0.000000  0.466667
   -0.818    2.278    4.391    4.671   14.423   18.252   18.704   19.371
           -1.000000  0.000000  0.483333
   -0.816    2.288    4.374    4.662   14.472   18.478   18.649   19.142
           -1.000000  0.000000  0.500000
   -0.816    2.292    4.368    4.658   14.489   18.604   18.631   19.016
           -0.990000  0.010000  0.500000
   -0.818    2.292    4.353    4.680   14.488   18.543   18.673   19.039
           -0.980000  0.020000  0.500000
   -0.827    2.293    4.315    4.735   14.486   18.458   18.710   19.101
           -0.970000  0.030000  0.500000
   -0.841    2.294    4.272    4.809   14.482   18.364   18.741   19.187
           -0.960000  0.040000  0.500000
   -0.861    2.294    4.231    4.892   14.477   18.267   18.772   19.286
           -0.950000  0.050000  0.500000
   -0.886    2.293    4.197    4.983   14.471   18.168   18.805   19.393
           -0.940000  0.060000  0.500000
   -0.915    2.289    4.171    5.078   14.464   18.069   18.843   19.504
           -0.930000  0.070000  0.500000
   -0.949    2.282    4.156    5.176   14.456   17.970   18.885   19.618
           -0.920000  0.080000  0.500000
   -0.987    2.271    4.153    5.278   14.447   17.873   18.931   19.732
           -0.910000  0.090000  0.500000
   -1.028    2.254    4.162    5.381   14.439   17.776   18.982   19.847
           -0.900000  0.100000  0.500000
   -1.072    2.233    4.184    5.486   14.430   17.681   19.037   19.961
           -0.890000  0.110000  0.500000
   -1.118    2.205    4.219    5.593   14.422   17.588   19.096   20.073
           -0.880000  0.120000  0.500000
   -1.166    2.173    4.266    5.701   14.415   17.496   19.158   20.180
           -0.870000  0.130000  0.500000
   -1.216    2.135    4.324    5.809   14.408   17.406   19.222   20.280
           -0.860000  0.140000  0.500000
   -1.268    2.093    4.393    5.918   14.403   17.318   19.288   20.369
           -0.850000  0.150000  0.500000
   -1.320    2.048    4.471    6.026   14.400   17.232   19.355   20.443
           -0.840000  0.160000  0.500000
   -1.373    2.000    4.558    6.135   14.399   17.148   19.423   20.494
           -0.830000  0.170000  0.500000
   -1.426    1.950    4.653    6.243   14.400   17.066   19.489   20.515
           -0.820000  0.180000  0.500000
   -1.479    1.898    4.755    6.350   14.404   16.985   19.551   20.500
           -0.810000  0.190000  0.500000
   -1.532    1.845    4.863    6.456   14.410   16.907   19.608   20.449
           -0.800000  0.200000  0.500000
   -1.585    1.791    4.977    6.560   14.420   16.831   19.654   20.372
           -0.790000  0.210000  0.500000
   -1.637    1.738    5.096    6.664   14.433   16.757   19.679   20.283
           -0.780000  0.220000  0.500000
   -1.689    1.684    5.219    6.765   14.449   16.685   19.666   20.207
           -0.770000  0.230000  0.500000
   -1.740    1.631    5.346    6.864   14.469   16.614   19.599   20.167
           -0.760000  0.240000  0.500000
   -1.789    1.578    5.476    6.961   14.493   16.546   19.481   20.163
           -0.750000  0.250000  0.500000
   -1.838    1.526    5.609    7.056   14.520   16.480   19.329   20.180
           -0.740000  0.260000  0.500000
   -1.885    1.476    5.744    7.148   14.551   16.417   19.159   20.205
           -0.730000  0.270000  0.500000
   -1.931    1.426    5.882    7.236   14.585   16.355   18.979   20.230
           -0.720000  0.280000  0.500000
   -1.975    1.378    6.020    7.322   14.622   16.296   18.794   20.252
           -0.710000  0.290000  0.500000
   -2.018    1.332    6.160    7.404   14.662   16.240   18.609   20.268
           -0.700000  0.300000  0.500000
   -2.059    1.287    6.300    7.483   14.704   16.186   18.424   20.276
           -0.690000  0.310000  0.500000
   -2.099    1.245    6.441    7.559   14.748   16.136   18.242   20.275
           -0.680000  0.320000  0.500000
   -2.137    1.204    6.581    7.630   14.792   16.091   18.064   20.265
           -0.670000  0.330000  0.500000
   -2.173    1.164    6.720    7.698   14.835   16.050   17.892   20.244
           -0.660000  0.340000  0.500000
   -2.207    1.127    6.858    7.762   14.874   16.016   17.727   20.213
           -0.650000  0.350000  0.500000
   -2.239    1.092    6.994    7.821   14.908   15.991   17.570   20.173
           -0.640000  0.360000  0.500000
   -2.270    1.059    7.127    7.877   14.933   15.976   17.422   20.123
           -0.630000  0.370000  0.500000
   -2.298    1.028    7.257    7.929   14.948   15.973   17.283   20.064
           -0.620000  0.380000  0.500000
   -2.325    0.999    7.383    7.977   14.951   15.984   17.156   19.998
           -0.610000  0.390000  0.500000
   -2.349    0.973    7.504    8.021   14.941   16.008   17.039   19.926
           -0.600000  0.400000  0.500000
   -2.372    0.948    7.619    8.060   14.919   16.045   16.935   19.848
           -0.590000  0.410000  0.500000
   -2.392    0.926    7.727    8.096   14.887   16.092   16.842   19.768
           -0.580000  0.420000  0.500000
   -2.410    0.906    7.828    8.128   14.849   16.146   16.760   19.686
           -0.570000  0.430000  0.500000
   -2.427    0.889    7.921    8.156   14.806   16.204   16.690   19.606
           -0.560000  0.440000  0.500000
   -2.441    0.873    8.003    8.180   14.763   16.262   16.631   19.528
           -0.550000  0.450000  0.500000
   -2.452    0.861    8.075    8.201   14.721   16.319   16.582   19.457
           -0.540000  0.460000  0.500000
   -2.462    0.850    8.136    8.217   14.684   16.370   16.543   19.393
           -0.530000  0.470000  0.500000
   -2.470    0.842    8.184    8.230   14.653   16.414   16.512   19.341
           -0.520000  0.480000  0.500000
   -2.475    0.836    8.218    8.239   14.629   16.447   16.491   19.301
           -0.510000  0.490000  0.500000
   -2.478    0.832    8.240    8.245   14.615   16.467   16.479   19.277
           -0.500000  0.500000  0.500000
   -2.480    0.831    8.247    8.247   14.610   16.475   16.475   19.268
           -0.492857  0.492857  0.492857
   -2.484    0.837    8.247    8.247   14.610   16.475   16.475   19.268
           -0.485714  0.485714  0.485714
   -2.499    0.857    8.248    8.248   14.611   16.478   16.478   19.268
           -0.478571  0.478571  0.478571
   -2.523    0.888    8.250    8.250   14.614   16.482   16.482   19.269
           -0.471429  0.471429  0.471429
   -2.555    0.932    8.253    8.253   14.617   16.488   16.488   19.269
           -0.464286  0.464286  0.464286
   -2.595    0.987    8.257    8.257   14.622   16.496   16.496   19.269
           -0.457143  0.457143  0.457143
   -2.643    1.052    8.261    8.261   14.627   16.506   16.506   19.269
           -0.450000  0.450000  0.450000
   -2.697    1.127    8.266    8.266   14.633   16.517   16.517   19.269
           -0.442857  0.442857  0.442857
   -2.757    1.211    8.272    8.272   14.640   16.530   16.530   19.268
           -0.435714  0.435714  0.435714
   -2.822    1.303    8.279    8.279   14.648   16.544   16.544   19.267
           -0.428571  0.428571  0.428571
   -2.890    1.402    8.286    8.286   14.656   16.560   16.560   19.266
           -0.421429  0.421429  0.421429
   -2.963    1.507    8.294    8.294   14.666   16.577   16.577   19.264
           -0.414286  0.414286  0.414286
   -3.038    1.619    8.303    8.303   14.677   16.596   16.596   19.261
           -0.407143  0.407143  0.407143
   -3.115    1.736    8.313    8.313   14.689   16.616   16.616   19.257
           -0.400000  0.400000  0.400000
   -3.194    1.858    8.323    8.323   14.701   16.637   16.637   19.252
           -0.392857  0.392857  0.392857
   -3.274    1.984    8.334    8.334   14.715   16.659   16.659   19.245
           -0.385714  0.385714  0.385714
   -3.356    2.114    8.346    8.346   14.729   16.683   16.683   19.237
           -0.378571  0.378571  0.378571
   -3.438    2.248    8.359    8.359   14.745   16.707   16.707   19.227
           -0.371429  0.371429  0.371429
   -3.520    2.385    8.372    8.372   14.761   16.733   16.733   19.215
           -0.364286  0.364286  0.364286
   -3.603    2.525    8.387    8.387   14.778   16.759   16.759   19.200
           -0.357143  0.357143  0.357143
   -3.685    2.668    8.401    8.401   14.796   16.785   16.785   19.184
           -0.350000  0.350000  0.350000
   -3.767    2.814    8.417    8.417   14.815   16.812   16.812   19.164
           -0.342857  0.342857  0.342857
   -3.849    2.962    8.433    8.433   14.835   16.839   16.839   19.142
           -0.335714  0.335714  0.335714
   -3.930    3.112    8.449    8.449   14.856   16.867   16.867   19.116
           -0.328571  0.328571  0.328571
   -4.010    3.264    8.467    8.467   14.878   16.894   16.894   19.087
           -0.321429  0.321429  0.321429
   -4.089    3.419    8.485    8.485   14.900   16.921   16.921   19.055
           -0.314286  0.314286  0.314286
   -4.168    3.574    8.503    8.503   14.923   16.947   16.947   19.019
           -0.307143  0.307143  0.307143
   -4.245    3.731    8.522    8.522   14.948   16.973   16.973   18.979
           -0.300000  0.300000  0.300000
   -4.321    3.890    8.542    8.542   14.973   16.998   16.998   18.935
           -0.292857  0.292857  0.292857
   -4.396    4.050    8.562    8.562   14.998   17.021   17.021   18.888
           -0.285714  0.285714  0.285714
   -4.470    4.211    8.583    8.583   15.025   17.043   17.043   18.836
           -0.278571  0.278571  0.278571
   -4.542    4.373    8.604    8.604   15.052   17.063   17.063   18.781
           -0.271429  0.271429  0.271429
   -4.613    4.536    8.625    8.625   15.080   17.082   17.082   18.722
           -0.264286  0.264286  0.264286
   -4.682    4.700    8.648    8.648   15.108   17.098   17.098   18.659
           -0.257143  0.257143  0.257143
   -4.750    4.864    8.670    8.670   15.137   17.112   17.112   18.592
           -0.250000  0.250000  0.250000
   -4.816    5.029    8.693    8.693   15.166   17.123   17.123   18.521
           -0.242857  0.242857  0.242857
   -4.881    5.194    8.716    8.716   15.196   17.131   17.131   18.448
           -0.235714  0.235714  0.235714
   -4.944    5.359    8.739    8.739   15.227   17.136   17.136   18.371
           -0.228571  0.228571  0.228571
   -5.006    5.525    8.762    8.762   15.257   17.138   17.138   18.291
           -0.221429  0.221429  0.221429
   -5.065    5.690    8.786    8.786   15.288   17.137   17.137   18.209
           -0.214286  0.214286  0.214286
   -5.123    5.855    8.810    8.810   15.319   17.133   17.133   18.124
           -0.207143  0.207143  0.207143
   -5.180    6.020    8.834    8.834   15.349   17.126   17.126   18.037
           -0.200000  0.200000  0.200000
   -5.234    6.184    8.858    8.858   15.380   17.115   17.115   17.948
           -0.192857  0.192857  0.192857
   -5.287    6.347    8.882    8.882   15.410   17.101   17.101   17.857
           -0.185714  0.185714  0.185714
   -5.338    6.510    8.906    8.906   15.440   17.085   17.085   17.766
           -0.178571  0.178571  0.178571
   -5.387    6.671    8.930    8.930   15.469   17.065   17.065   17.673
           -0.171429  0.171429  0.171429
   -5.435    6.831    8.953    8.953   15.498   17.044   17.044   17.581
           -0.164286  0.164286  0.164286
   -5.480    6.989    8.977    8.977   15.525   17.020   17.020   17.488
           -0.157143  0.157143  0.157143
   -5.524    7.145    9.000    9.000   15.550   16.994   16.994   17.397
           -0.150000  0.150000  0.150000
   -5.566    7.300    9.022    9.022   15.574   16.966   16.966   17.306
           -0.142857  0.142857  0.142857
   -5.606    7.451    9.044    9.044   15.596   16.937   16.937   17.217
           -0.135714  0.135714  0.135714
   -5.644    7.600    9.066    9.066   15.614   16.907   16.907   17.131
           -0.128571  0.128571  0.128571
   -5.680    7.746    9.087    9.087   15.630   16.876   16.876   17.048
           -0.121429  0.121429  0.121429
   -5.714    7.889    9.108    9.108   15.642   16.845   16.845   16.969
           -0.114286  0.114286  0.114286
   -5.746    8.028    9.128    9.128   15.650   16.814   16.814   16.896
           -0.107143  0.107143  0.107143
   -5.777    8.162    9.146    9.146   15.652   16.783   16.783   16.828
           -0.100000  0.100000  0.100000
   -5.805    8.292    9.165    9.165   15.650   16.753   16.753   16.766
           -0.092857  0.092857  0.092857
   -5.832    8.416    9.182    9.182   15.641   16.712   16.723   16.723
           -0.085714  0.085714  0.085714
   -5.856    8.534    9.198    9.198   15.627   16.666   16.695   16.695
           -0.078571  0.078571  0.078571
   -5.879    8.647    9.213    9.213   15.608   16.627   16.668   16.668
           -0.071429  0.071429  0.071429
   -5.900    8.752    9.228    9.228   15.584   16.596   16.643   16.643
           -0.064286  0.064286  0.064286
   -5.919    8.850    9.241    9.241   15.556   16.571   16.619   16.619
           -0.057143  0.057143  0.057143
   -5.935    8.939    9.252    9.252   15.526   16.552   16.598   16.598
           -0.050000  0.050000  0.050000
   -5.950    9.020    9.263    9.263   15.496   16.539   16.578   16.578
           -0.042857  0.042857  0.042857
   -5.963    9.092    9.272    9.272   15.466   16.529   16.561   16.561
           -0.035714  0.035714  0.035714
   -5.974    9.154    9.280    9.280   15.439   16.522   16.546   16.546
           -0.028571  0.028571  0.028571
   -5.983    9.205    9.286    9.286   15.415   16.518   16.534   16.534
           -0.021429  0.021429  0.021429
   -5.990    9.245    9.292    9.292   15.395   16.515   16.524   16.524
           -0.014286  0.014286  0.014286
   -5.995    9.275    9.295    9.295   15.380   16.513   16.517   16.517
           -0.007143  0.007143  0.007143
   -5.998    9.292    9.297    9.297   15.371   16.512   16.513   16.513
            0.000000  0.000000  0.000000
   -5.999    9.298    9.298    9.298   15.368   16.512   16.512   16.512
           -0.010000  0.002500  0.002500
   -5.998    9.295    9.297    9.297   15.370   16.510   16.514   16.514
           -0.020000  0.005000  0.005000
   -5.996    9.285    9.293    9.295   15.377   16.505   16.519   16.520
           -0.030000  0.007500  0.007500
   -5.992    9.269    9.286    9.291   15.388   16.497   16.529   16.529
           -0.040000  0.010000  0.010000
   -5.987    9.246    9.277    9.285   15.403   16.486   16.542   16.543
           -0.050000  0.012500  0.012500
   -5.980    9.217    9.265    9.278   15.422   16.472   16.559   16.560
           -0.060000  0.015000  0.015000
   -5.972    9.183    9.251    9.269   15.445   16.456   16.580   16.581
           -0.070000  0.017500  0.017500
   -5.963    9.142    9.234    9.258   15.472   16.436   16.605   16.606
           -0.080000  0.020000  0.020000
   -5.952    9.096    9.215    9.246   15.501   16.414   16.633   16.635
           -0.090000  0.022500  0.022500
   -5.940    9.045    9.193    9.233   15.532   16.390   16.666   16.666
           -0.100000  0.025000  0.025000
   -5.926    8.988    9.170    9.217   15.566   16.364   16.702   16.702
           -0.110000  0.027500  0.027500
   -5.911    8.927    9.144    9.201   15.600   16.336   16.740   16.742
           -0.120000  0.030000  0.030000
   -5.894    8.862    9.116    9.182   15.635   16.307   16.781   16.785
           -0.130000  0.032500  0.032500
   -5.876    8.792    9.086    9.162   15.669   16.278   16.826   16.832
           -0.140000  0.035000  0.035000
   -5.856    8.719    9.055    9.141   15.701   16.250   16.873   16.883
           -0.150000  0.037500  0.037500
   -5.835    8.641    9.021    9.118   15.730   16.225   16.923   16.937
           -0.160000  0.040000  0.040000
   -5.813    8.561    8.986    9.093   15.753   16.203   16.975   16.994
           -0.170000  0.042500  0.042500
   -5.789    8.477    8.950    9.068   15.767   16.189   17.030   17.053
           -0.180000  0.045000  0.045000
   -5.764    8.391    8.912    9.040   15.771   16.184   17.087   17.115
           -0.190000  0.047500  0.047500
   -5.737    8.302    8.873    9.011   15.762   16.189   17.146   17.179
           -0.200000  0.050000  0.050000
   -5.709    8.211    8.833    8.981   15.742   16.204   17.207   17.244
           -0.210000  0.052500  0.052500
   -5.679    8.118    8.791    8.949   15.712   16.227   17.270   17.311
           -0.220000  0.055000  0.055000
   -5.648    8.022    8.749    8.916   15.674   16.256   17.334   17.377
           -0.230000  0.057500  0.057500
   -5.616    7.925    8.705    8.881   15.630   16.289   17.399   17.444
           -0.240000  0.060000  0.060000
   -5.582    7.827    8.661    8.845   15.583   16.324   17.466   17.510
           -0.250000  0.062500  0.062500
   -5.547    7.727    8.617    8.808   15.531   16.360   17.534   17.574
           -0.260000  0.065000  0.065000
   -5.510    7.626    8.571    8.769   15.478   16.396   17.603   17.636
           -0.270000  0.067500  0.067500
   -5.472    7.523    8.525    8.729   15.422   16.431   17.672   17.695
           -0.280000  0.070000  0.070000
   -5.433    7.420    8.479    8.687   15.364   16.466   17.742   17.751
           -0.290000  0.072500  0.072500
   -5.392    7.316    8.433    8.644   15.305   16.499   17.802   17.813
           -0.300000  0.075000  0.075000
   -5.350    7.211    8.386    8.600   15.244   16.530   17.849   17.883
           -0.310000  0.077500  0.077500
   -5.307    7.106    8.339    8.554   15.183   16.558   17.891   17.954
           -0.320000  0.080000  0.080000
   -5.262    7.000    8.291    8.507   15.120   16.583   17.929   18.026
           -0.330000  0.082500  0.082500
   -5.216    6.894    8.244    8.459   15.056   16.604   17.962   18.097
           -0.340000  0.085000  0.085000
   -5.168    6.787    8.197    8.409   14.992   16.620   17.991   18.168
           -0.350000  0.087500  0.087500
   -5.119    6.680    8.150    8.358   14.926   16.632   18.018   18.238
           -0.360000  0.090000  0.090000
   -5.069    6.573    8.103    8.306   14.860   16.639   18.042   18.308
           -0.370000  0.092500  0.092500
   -5.018    6.466    8.056    8.252   14.793   16.640   18.067   18.378
           -0.380000  0.095000  0.095000
   -4.965    6.359    8.010    8.197   14.726   16.636   18.091   18.447
           -0.390000  0.097500  0.097500
   -4.911    6.252    7.963    8.141   14.658   16.626   18.117   18.516
           -0.400000  0.100000  0.100000
   -4.856    6.145    7.918    8.083   14.589   16.611   18.145   18.584
           -0.410000  0.102500  0.102500
   -4.799    6.039    7.872    8.024   14.520   16.591   18.176   18.651
           -0.420000  0.105000  0.105000
   -4.741    5.932    7.827    7.964   14.451   16.568   18.210   18.717
           -0.430000  0.107500  0.107500
   -4.682    5.826    7.782    7.902   14.381   16.540   18.247   18.783
           -0.440000  0.110000  0.110000
   -4.621    5.720    7.738    7.839   14.311   16.510   18.287   18.848
           -0.450000  0.112500  0.112500
   -4.560    5.615    7.695    7.775   14.241   16.477   18.330   18.912
           -0.460000  0.115000  0.115000
   -4.497    5.510    7.652    7.709   14.170   16.444   18.376   18.975
           -0.470000  0.117500  0.117500
   -4.433    5.405    7.610    7.642   14.100   16.409   18.424   19.037
           -0.480000  0.120000  0.120000
   -4.368    5.302    7.568    7.574   14.030   16.374   18.475   19.098
           -0.490000  0.122500  0.122500
   -4.302    5.198    7.505    7.527   13.960   16.338   18.528   19.158
           -0.500000  0.125000  0.125000
   -4.234    5.095    7.434    7.487   13.890   16.304   18.583   19.218
           -0.510000  0.127500  0.127500
   -4.166    4.993    7.362    7.448   13.821   16.270   18.640   19.276
           -0.520000  0.130000  0.130000
   -4.096    4.892    7.289    7.409   13.753   16.238   18.698   19.334
           -0.530000  0.132500  0.132500
   -4.025    4.791    7.215    7.371   13.685   16.207   18.757   19.391
           -0.540000  0.135000  0.135000
   -3.954    4.692    7.140    7.334   13.617   16.178   18.818   19.448
           -0.550000  0.137500  0.137500
   -3.881    4.593    7.064    7.298   13.551   16.150   18.880   19.503
           -0.560000  0.140000  0.140000
   -3.807    4.494    6.987    7.263   13.485   16.125   18.943   19.558
           -0.570000  0.142500  0.142500
   -3.732    4.397    6.909    7.228   13.421   16.102   19.007   19.612
           -0.580000  0.145000  0.145000
   -3.657    4.301    6.829    7.195   13.358   16.080   19.071   19.666
           -0.590000  0.147500  0.147500
   -3.580    4.205    6.749    7.162   13.296   16.061   19.136   19.719
           -0.600000  0.150000  0.150000
   -3.503    4.111    6.669    7.130   13.236   16.045   19.202   19.771
           -0.610000  0.152500  0.152500
   -3.425    4.017    6.587    7.099   13.176   16.030   19.268   19.823
           -0.620000  0.155000  0.155000
   -3.346    3.925    6.505    7.070   13.119   16.018   19.335   19.874
           -0.630000  0.157500  0.157500
   -3.267    3.834    6.422    7.041   13.063   16.008   19.402   19.925
           -0.640000  0.160000  0.160000
   -3.186    3.744    6.338    7.013   13.009   16.000   19.469   19.976
           -0.650000  0.162500  0.162500
   -3.106    3.655    6.254    6.986   12.956   15.995   19.537   20.026
           -0.660000  0.165000  0.165000
   -3.024    3.568    6.170    6.960   12.906   15.992   19.604   20.075
           -0.670000  0.167500  0.167500
   -2.943    3.482    6.085    6.935   12.857   15.991   19.673   20.125
           -0.680000  0.170000  0.170000
   -2.861    3.397    5.999    6.912   12.810   15.992   19.741   20.174
           -0.690000  0.172500  0.172500
   -2.778    3.314    5.914    6.889   12.765   15.995   19.809   20.222
           -0.700000  0.175000  0.175000
   -2.696    3.232    5.829    6.867   12.722   16.001   19.878   20.270
           -0.710000  0.177500  0.177500
   -2.613    3.152    5.743    6.846   12.681   16.009   19.946   20.318
           -0.720000  0.180000  0.180000
   -2.530    3.073    5.658    6.827   12.642   16.019   20.015   20.365
           -0.730000  0.182500  0.182500
   -2.448    2.997    5.572    6.808   12.605   16.030   20.083   20.412
           -0.740000  0.185000  0.185000
   -2.365    2.922    5.487    6.791   12.571   16.044   20.151   20.458
           -0.750000  0.187500  0.187500
   -2.283    2.849    5.402    6.775   12.538   16.060   20.220   20.504
           -0.760000  0.190000  0.190000
   -2.202    2.778    5.318    6.759   12.507   16.078   20.288   20.549
           -0.770000  0.192500  0.192500
   -2.121    2.709    5.234    6.745   12.479   16.098   20.356   20.594
           -0.780000  0.195000  0.195000
   -2.041    2.643    5.151    6.732   12.452   16.119   20.424   20.638
           -0.790000  0.197500  0.197500
   -1.963    2.579    5.068    6.720   12.428   16.143   20.492   20.681
           -0.800000  0.200000  0.200000
   -1.885    2.518    4.987    6.709   12.405   16.168   20.560   20.723
           -0.810000  0.202500  0.202500
   -1.810    2.460    4.906    6.699   12.385   16.195   20.627   20.763
           -0.820000  0.205000  0.205000
   -1.736    2.404    4.826    6.690   12.367   16.224   20.694   20.803
           -0.830000  0.207500  0.207500
   -1.664    2.352    4.748    6.683   12.351   16.254   20.761   20.841
           -0.840000  0.210000  0.210000
   -1.594    2.303    4.671    6.676   12.337   16.287   20.827   20.878
           -0.850000  0.212500  0.212500
   -1.528    2.258    4.596    6.671   12.326   16.320   20.893   20.913
           -0.860000  0.215000  0.215000
   -1.464    2.217    4.522    6.667   12.316   16.356   20.946   20.959
           -0.870000  0.217500  0.217500
   -1.403    2.179    4.450    6.663   12.308   16.393   20.977   21.023
           -0.880000  0.220000  0.220000
   -1.347    2.146    4.380    6.661   12.303   16.431   21.005   21.087
           -0.890000  0.222500  0.222500
   -1.294    2.116    4.313    6.660   12.300   16.471   21.030   21.151
           -0.900000  0.225000  0.225000
   -1.246    2.092    4.248    6.660   12.298   16.512   21.053   21.213
           -0.910000  0.227500  0.227500
   -1.202    2.071    4.186    6.661   12.299   16.555   21.071   21.274
           -0.920000  0.230000  0.230000
   -1.163    2.055    4.127    6.664   12.302   16.599   21.086   21.333
           -0.930000  0.232500  0.232500
   -1.130    2.044    4.072    6.667   12.307   16.644   21.097   21.390
           -0.940000  0.235000  0.235000
   -1.102    2.036    4.020    6.671   12.314   16.690   21.103   21.445
           -0.950000  0.237500  0.237500
   -1.079    2.033    3.973    6.677   12.323   16.738   21.104   21.496
           -0.960000  0.240000  0.240000
   -1.061    2.032    3.930    6.683   12.334   16.786   21.099   21.542
           -0.970000  0.242500  0.242500
   -1.049    2.035    3.893    6.691   12.347   16.836   21.089   21.580
           -0.980000  0.245000  0.245000
   -1.043    2.040    3.861    6.699   12.362   16.886   21.073   21.605
           -0.990000  0.247500  0.247500
   -1.041    2.046    3.836    6.709   12.379   16.937   21.050   21.614
           -1.000000  0.250000  0.250000
   -1.045    2.053    3.818    6.720   12.398   16.988   21.022   21.601
           -1.000000  0.225000  0.225000
   -1.000    1.980    3.994    6.612   12.199   16.462   21.340   21.854
           -1.000000  0.200000  0.200000
   -0.978    1.904    4.226    6.515   12.002   15.936   21.652   22.091
           -1.000000  0.175000  0.175000
   -0.973    1.829    4.500    6.427   11.806   15.431   21.952   22.312
           -1.000000  0.150000  0.150000
   -0.979    1.758    4.801    6.351   11.606   14.964   22.234   22.515
           -1.000000  0.125000  0.125000
   -0.991    1.695    5.113    6.285   11.402   14.550   22.491   22.697
           -1.000000  0.100000  0.100000
   -1.006    1.641    5.419    6.231   11.197   14.202   22.717   22.854
           -1.000000  0.075000  0.075000
   -1.020    1.598    5.699    6.188   11.000   13.928   22.902   22.982
           -1.000000  0.050000  0.050000
   -1.031    1.566    5.928    6.158   10.831   13.733   23.041   23.077
           -1.000000  0.025000  0.025000
   -1.038    1.547    6.080    6.140   10.714   13.617   23.127   23.136
           -1.000000  0.000000  0.000000
   -1.041    1.541    6.133    6.133   10.672   13.578   23.156   23.156
