 &plot nbnd=  12, nks=   301 /
            0.000000  0.000000  0.000000
  -23.454  -11.024   -7.161   -7.161   -1.153   -0.281    0.804    1.537    3.352    4.561
    5.824    5.824
            0.000000  0.005739  0.000000
  -23.453  -11.023   -7.163   -7.162   -1.152   -0.281    0.805    1.538    3.353    4.561
    5.824    5.827
            0.000000  0.011478  0.000000
  -23.452  -11.021   -7.169   -7.165   -1.150   -0.278    0.807    1.540    3.355    4.563
    5.822    5.833
            0.000000  0.017217  0.000000
  -23.449  -11.018   -7.180   -7.170   -1.145   -0.275    0.811    1.543    3.359    4.565
    5.820    5.844
            0.000000  0.022957  0.000000
  -23.446  -11.014   -7.195   -7.177   -1.140   -0.269    0.817    1.548    3.365    4.569
    5.816    5.859
            0.000000  0.028696  0.000000
  -23.442  -11.008   -7.214   -7.186   -1.132   -0.262    0.824    1.555    3.373    4.573
    5.811    5.879
            0.000000  0.034435  0.000000
  -23.436  -11.001   -7.237   -7.196   -1.123   -0.254    0.833    1.563    3.382    4.578
    5.806    5.903
            0.000000  0.040174  0.000000
  -23.430  -10.992   -7.265   -7.209   -1.112   -0.244    0.844    1.573    3.393    4.585
    5.799    5.931
            0.000000  0.045913  0.000000
  -23.423  -10.983   -7.296   -7.223   -1.100   -0.233    0.856    1.583    3.405    4.592
    5.792    5.963
            0.000000  0.051652  0.000000
  -23.415  -10.972   -7.331   -7.240   -1.085   -0.220    0.869    1.596    3.419    4.600
    5.784    6.000
            0.000000  0.057391  0.000000
  -23.406  -10.960   -7.370   -7.258   -1.070   -0.205    0.885    1.610    3.435    4.609
    5.776    6.041
            0.000000  0.063131  0.000000
  -23.396  -10.946   -7.412   -7.277   -1.052   -0.189    0.902    1.625    3.452    4.618
    5.766    6.085
            0.000000  0.068870  0.000000
  -23.385  -10.931   -7.459   -7.299   -1.033   -0.172    0.920    1.642    3.471    4.628
    5.757    6.134
            0.000000  0.074609  0.000000
  -23.373  -10.915   -7.508   -7.322   -1.013   -0.153    0.941    1.660    3.491    4.639
    5.746    6.187
            0.000000  0.080348  0.000000
  -23.360  -10.898   -7.562   -7.346   -0.991   -0.132    0.962    1.679    3.513    4.651
    5.736    6.244
            0.000000  0.086087  0.000000
  -23.346  -10.879   -7.619   -7.372   -0.967   -0.110    0.986    1.700    3.536    4.663
    5.725    6.305
            0.000000  0.091826  0.000000
  -23.332  -10.859   -7.679   -7.400   -0.942   -0.087    1.011    1.723    3.561    4.675
    5.713    6.369
            0.000000  0.097565  0.000000
  -23.316  -10.838   -7.742   -7.429   -0.915   -0.062    1.037    1.747    3.588    4.688
    5.702    6.437
            0.000000  0.103304  0.000000
  -23.299  -10.816   -7.809   -7.459   -0.886   -0.035    1.065    1.772    3.615    4.701
    5.690    6.509
            0.000000  0.109044  0.000000
  -23.282  -10.792   -7.878   -7.491   -0.856   -0.007    1.095    1.798    3.644    4.714
    5.678    6.585
            0.000000  0.114783  0.000000
  -23.263  -10.767   -7.950   -7.524   -0.825    0.022    1.126    1.826    3.675    4.727
    5.665    6.664
            0.000000  0.120522  0.000000
  -23.244  -10.741   -8.025   -7.558   -0.792    0.053    1.159    1.855    3.707    4.740
    5.653    6.746
            0.000000  0.126261  0.000000
  -23.224  -10.713   -8.103   -7.593   -0.757    0.086    1.193    1.886    3.740    4.752
    5.640    6.832
            0.000000  0.132000  0.000000
  -23.202  -10.685   -8.183   -7.629   -0.721    0.120    1.229    1.918    3.774    4.763
    5.628    6.855
            0.000000  0.137739  0.000000
  -23.180  -10.655   -8.266   -7.666   -0.684    0.155    1.266    1.951    3.810    4.774
    5.616    6.827
            0.000000  0.143478  0.000000
  -23.157  -10.624   -8.350   -7.704   -0.645    0.192    1.305    1.985    3.847    4.783
    5.604    6.799
            0.000000  0.149218  0.000000
  -23.133  -10.591   -8.437   -7.743   -0.604    0.230    1.345    2.021    3.885    4.791
    5.592    6.773
            0.000000  0.154957  0.000000
  -23.109  -10.558   -8.526   -7.782   -0.563    0.270    1.387    2.058    3.924    4.797
    5.580    6.747
            0.000000  0.160696  0.000000
  -23.083  -10.523   -8.617   -7.823   -0.519    0.311    1.430    2.096    3.964    4.802
    5.569    6.723
            0.000000  0.166435  0.000000
  -23.056  -10.487   -8.710   -7.864   -0.474    0.353    1.475    2.135    4.005    4.803
    5.558    6.700
            0.000000  0.172174  0.000000
  -23.029  -10.450   -8.804   -7.905   -0.428    0.397    1.522    2.175    4.047    4.802
    5.548    6.680
            0.000000  0.177913  0.000000
  -23.001  -10.411   -8.900   -7.947   -0.380    0.443    1.570    2.216    4.089    4.798
    5.538    6.663
            0.000000  0.183652  0.000000
  -22.971  -10.372   -8.998   -7.990   -0.331    0.489    1.619    2.258    4.132    4.791
    5.529    6.648
            0.000000  0.189392  0.000000
  -22.941  -10.331   -9.097   -8.033   -0.280    0.537    1.670    2.301    4.176    4.779
    5.522    6.638
            0.000000  0.195131  0.000000
  -22.910  -10.289   -9.198   -8.076   -0.228    0.586    1.722    2.344    4.220    4.765
    5.515    6.631
            0.000000  0.200870  0.000000
  -22.879  -10.246   -9.299   -8.119   -0.174    0.637    1.776    2.388    4.265    4.746
    5.510    6.629
            0.000000  0.206609  0.000000
  -22.846  -10.202   -9.402   -8.163   -0.120    0.689    1.832    2.433    4.309    4.724
    5.506    6.631
            0.000000  0.212348  0.000000
  -22.813  -10.156   -9.506   -8.207   -0.063    0.741    1.888    2.478    4.354    4.698
    5.504    6.637
            0.000000  0.218087  0.000000
  -22.779  -10.110   -9.611   -8.251   -0.005    0.795    1.946    2.523    4.397    4.668
    5.504    6.648
            0.000000  0.223826  0.000000
  -22.744  -10.062   -9.717   -8.296    0.054    0.850    2.006    2.567    4.440    4.635
    5.507    6.664
            0.000000  0.229565  0.000000
  -22.708  -10.014   -9.823   -8.340    0.115    0.907    2.067    2.612    4.482    4.600
    5.512    6.684
            0.000000  0.235305  0.000000
  -22.672   -9.964   -9.930   -8.384    0.177    0.963    2.130    2.655    4.523    4.563
    5.521    6.709
            0.000000  0.241044  0.000000
  -22.634  -10.038   -9.913   -8.428    0.240    1.021    2.194    2.698    4.525    4.562
    5.533    6.738
            0.000000  0.246783  0.000000
  -22.596  -10.147   -9.861   -8.472    0.305    1.080    2.259    2.738    4.487    4.598
    5.549    6.771
            0.000000  0.252522  0.000000
  -22.558  -10.255   -9.808   -8.516    0.371    1.139    2.326    2.776    4.449    4.632
    5.569    6.809
            0.000000  0.258261  0.000000
  -22.518  -10.365   -9.755   -8.560    0.439    1.198    2.394    2.812    4.413    4.664
    5.594    6.850
            0.000000  0.264000  0.000000
  -22.478  -10.474   -9.700   -8.604    0.508    1.257    2.463    2.843    4.380    4.692
    5.624    6.894
            0.000000  0.269739  0.000000
  -22.437  -10.584   -9.644   -8.647    0.578    1.316    2.534    2.870    4.352    4.717
    5.658    6.942
            0.000000  0.275479  0.000000
  -22.396  -10.694   -9.587   -8.690    0.649    1.374    2.606    2.893    4.329    4.740
    5.698    6.993
            0.000000  0.281218  0.000000
  -22.353  -10.804   -9.529   -8.733    0.722    1.432    2.679    2.909    4.314    4.759
    5.743    7.047
            0.000000  0.286957  0.000000
  -22.311  -10.914   -9.470   -8.775    0.797    1.487    2.754    2.920    4.306    4.775
    5.792    7.103
            0.000000  0.292696  0.000000
  -22.267  -11.024   -9.411   -8.817    0.872    1.540    2.830    2.925    4.308    4.790
    5.846    7.163
            0.000000  0.298435  0.000000
  -22.223  -11.134   -9.350   -8.859    0.949    1.589    2.907    2.925    4.318    4.802
    5.905    7.225
            0.000000  0.304174  0.000000
  -22.179  -11.244   -9.289   -8.900    1.027    1.633    2.922    2.985    4.338    4.812
    5.967    7.289
            0.000000  0.309913  0.000000
  -22.134  -11.353   -9.226   -8.940    1.106    1.671    2.918    3.064    4.367    4.821
    6.033    7.356
            0.000000  0.315653  0.000000
  -22.088  -11.463   -9.163   -8.981    1.187    1.701    2.915    3.144    4.405    4.830
    6.102    7.425
            0.000000  0.321392  0.000000
  -22.042  -11.571   -9.100   -9.020    1.269    1.720    2.916    3.225    4.450    4.837
    6.175    7.496
            0.000000  0.327131  0.000000
  -21.995  -11.680   -9.059   -9.035    1.351    1.729    2.923    3.306    4.501    4.845
    6.250    7.569
            0.000000  0.332870  0.000000
  -21.948  -11.787   -9.097   -8.970    1.435    1.724    2.939    3.388    4.559    4.853
    6.329    7.643
            0.000000  0.338609  0.000000
  -21.901  -11.895   -9.135   -8.904    1.520    1.706    2.965    3.471    4.623    4.861
    6.410    7.720
            0.000000  0.344348  0.000000
  -21.853  -12.001   -9.172   -8.837    1.607    1.676    3.001    3.554    4.691    4.870
    6.493    7.798
            0.000000  0.350087  0.000000
  -21.805  -12.107   -9.209   -8.770    1.633    1.694    3.047    3.636    4.764    4.881
    6.578    7.878
            0.000000  0.355826  0.000000
  -21.756  -12.212   -9.245   -8.703    1.580    1.782    3.102    3.719    4.841    4.893
    6.666    7.960
            0.000000  0.361566  0.000000
  -21.708  -12.316   -9.280   -8.635    1.519    1.870    3.165    3.800    4.909    4.921
    6.756    8.043
            0.000000  0.367305  0.000000
  -21.659  -12.419   -9.314   -8.566    1.449    1.960    3.234    3.881    4.927    5.004
    6.848    8.128
            0.000000  0.373044  0.000000
  -21.610  -12.521   -9.348   -8.497    1.374    2.050    3.310    3.959    4.949    5.090
    6.941    8.214
            0.000000  0.378783  0.000000
  -21.561  -12.622   -9.380   -8.428    1.294    2.141    3.391    4.035    4.975    5.179
    7.037    8.301
            0.000000  0.384522  0.000000
  -21.512  -12.722   -9.412   -8.359    1.211    2.233    3.477    4.108    5.008    5.271
    7.134    8.389
            0.000000  0.390261  0.000000
  -21.462  -12.820   -9.444   -8.289    1.124    2.324    3.566    4.178    5.046    5.365
    7.233    8.479
            0.000000  0.396000  0.000000
  -21.413  -12.917   -9.474   -8.219    1.034    2.416    3.659    4.243    5.091    5.461
    7.333    8.569
            0.000000  0.401740  0.000000
  -21.364  -13.013   -9.504   -8.149    0.943    2.508    3.755    4.303    5.144    5.559
    7.436    8.660
            0.000000  0.407479  0.000000
  -21.316  -13.107   -9.533   -8.080    0.851    2.600    3.854    4.359    5.205    5.659
    7.539    8.752
            0.000000  0.413218  0.000000
  -21.267  -13.200   -9.560   -8.010    0.758    2.691    3.956    4.410    5.273    5.761
    7.644    8.844
            0.000000  0.418957  0.000000
  -21.219  -13.291   -9.588   -7.941    0.665    2.781    4.060    4.458    5.349    5.865
    7.750    8.936
            0.000000  0.424696  0.000000
  -21.171  -13.380   -9.614   -7.872    0.571    2.870    4.166    4.503    5.432    5.970
    7.858    9.029
            0.000000  0.430435  0.000000
  -21.123  -13.467   -9.639   -7.804    0.478    2.958    4.275    4.547    5.521    6.078
    7.966    9.121
            0.000000  0.436174  0.000000
  -21.077  -13.552   -9.663   -7.736    0.385    3.043    4.385    4.590    5.615    6.187
    8.076    9.212
            0.000000  0.441914  0.000000
  -21.030  -13.635   -9.687   -7.668    0.293    3.126    4.498    4.633    5.715    6.297
    8.186    9.301
            0.000000  0.447653  0.000000
  -20.985  -13.717   -9.709   -7.602    0.203    3.207    4.612    4.678    5.818    6.409
    8.296    9.388
            0.000000  0.453392  0.000000
  -20.940  -13.795   -9.731   -7.536    0.114    3.283    4.726    4.728    5.926    6.523
    8.407    9.470
            0.000000  0.459131  0.000000
  -20.897  -13.871   -9.751   -7.472    0.026    3.356    4.777    4.846    6.036    6.637
    8.515    9.546
            0.000000  0.464870  0.000000
  -20.854  -13.945   -9.771   -7.409   -0.060    3.424    4.832    4.965    6.150    6.753
    8.621    9.613
            0.000000  0.470609  0.000000
  -20.813  -14.016   -9.790   -7.347   -0.143    3.488    4.892    5.087    6.267    6.870
    8.720    9.606
            0.000000  0.476348  0.000000
  -20.773  -14.084   -9.808   -7.287   -0.224    3.546    4.958    5.209    6.386    6.989
    8.805    9.502
            0.000000  0.482087  0.000000
  -20.734  -14.149   -9.824   -7.229   -0.302    3.599    5.030    5.333    6.507    7.108
    8.859    9.428
            0.000000  0.487827  0.000000
  -20.697  -14.211   -9.840   -7.173   -0.377    3.646    5.107    5.459    6.631    7.227
    8.858    9.407
            0.000000  0.493566  0.000000
  -20.661  -14.270   -9.855   -7.119   -0.449    3.688    5.191    5.586    6.756    7.348
    8.796    9.448
            0.000000  0.499305  0.000000
  -20.627  -14.326   -9.869   -7.067   -0.518    3.725    5.280    5.714    6.883    7.468
    8.694    9.482
            0.000000  0.505044  0.000000
  -20.595  -14.378   -9.881   -7.018   -0.583    3.758    5.374    5.843    7.011    7.588
    8.573    9.369
            0.000000  0.510783  0.000000
  -20.565  -14.426   -9.893   -6.972   -0.644    3.786    5.473    5.974    7.141    7.707
    8.443    9.247
            0.000000  0.516522  0.000000
  -20.538  -14.471   -9.904   -6.929   -0.700    3.811    5.577    6.105    7.270    7.823
    8.310    9.122
            0.000000  0.522261  0.000000
  -20.512  -14.512   -9.914   -6.889   -0.753    3.831    5.685    6.237    7.397    7.935
    8.179    8.998
            0.000000  0.528001  0.000000
  -20.489  -14.549   -9.922   -6.853   -0.800    3.849    5.796    6.370    7.517    8.036
    8.055    8.882
            0.000000  0.533740  0.000000
  -20.468  -14.582   -9.930   -6.820   -0.842    3.864    5.911    6.503    7.609    7.961
    8.118    8.785
            0.000000  0.539479  0.000000
  -20.450  -14.611   -9.937   -6.792   -0.880    3.876    6.028    6.636    7.617    7.954
    8.160    8.726
            0.000000  0.545218  0.000000
  -20.434  -14.635   -9.943   -6.767   -0.912    3.886    6.146    6.768    7.532    8.042
    8.144    8.726
            0.000000  0.550957  0.000000
  -20.421  -14.656   -9.947   -6.747   -0.938    3.894    6.264    6.897    7.417    8.075
    8.164    8.778
            0.000000  0.556696  0.000000
  -20.411  -14.671   -9.951   -6.731   -0.959    3.900    6.380    7.021    7.297    7.980
    8.297    8.855
            0.000000  0.562435  0.000000
  -20.404  -14.683   -9.953   -6.719   -0.973    3.904    6.489    7.134    7.184    7.881
    8.433    8.935
            0.000000  0.568175  0.000000
  -20.400  -14.689   -9.955   -6.712   -0.982    3.907    6.577    7.092    7.223    7.799
    8.562    8.927
            0.000000  0.573914  0.000000
  -20.398  -14.692   -9.955   -6.710   -0.985    3.908    6.614    7.054    7.259    7.765
    8.636    8.851
            0.003313  0.573914  0.000000
  -20.398  -14.691   -9.956   -6.710   -0.985    3.909    6.614    7.054    7.259    7.765
    8.636    8.852
            0.006627  0.573914  0.000000
  -20.398  -14.691   -9.958   -6.709   -0.985    3.911    6.615    7.055    7.259    7.766
    8.637    8.852
            0.009940  0.573914  0.000000
  -20.397  -14.690   -9.961   -6.708   -0.985    3.916    6.616    7.057    7.260    7.767
    8.638    8.854
            0.013254  0.573913  0.000000
  -20.396  -14.690   -9.966   -6.708   -0.985    3.922    6.618    7.059    7.261    7.768
    8.640    8.856
            0.016567  0.573913  0.000000
  -20.395  -14.688   -9.972   -6.706   -0.984    3.930    6.620    7.062    7.262    7.770
    8.642    8.858
            0.019881  0.573913  0.000000
  -20.394  -14.687   -9.979   -6.704   -0.984    3.941    6.622    7.065    7.263    7.773
    8.645    8.861
            0.023194  0.573913  0.000000
  -20.393  -14.685   -9.988   -6.702   -0.984    3.952    6.625    7.069    7.265    7.776
    8.648    8.864
            0.026508  0.573913  0.000000
  -20.391  -14.683   -9.997   -6.700   -0.983    3.966    6.629    7.074    7.266    7.779
    8.651    8.868
            0.029821  0.573913  0.000000
  -20.390  -14.681  -10.008   -6.697   -0.982    3.981    6.632    7.079    7.268    7.783
    8.655    8.873
            0.033135  0.573913  0.000000
  -20.388  -14.679  -10.021   -6.694   -0.982    3.998    6.637    7.085    7.271    7.787
    8.660    8.878
            0.036448  0.573913  0.000000
  -20.385  -14.676  -10.034   -6.691   -0.981    4.017    6.641    7.092    7.273    7.792
    8.665    8.884
            0.039762  0.573913  0.000000
  -20.383  -14.673  -10.049   -6.688   -0.980    4.038    6.647    7.099    7.276    7.797
    8.670    8.890
            0.043075  0.573913  0.000000
  -20.380  -14.670  -10.065   -6.684   -0.979    4.060    6.652    7.107    7.278    7.803
    8.676    8.896
            0.046388  0.573913  0.000000
  -20.377  -14.667  -10.083   -6.679   -0.978    4.084    6.658    7.115    7.281    7.809
    8.683    8.904
            0.049702  0.573913  0.000000
  -20.374  -14.663  -10.101   -6.675   -0.977    4.110    6.665    7.124    7.284    7.816
    8.690    8.911
            0.053015  0.573913  0.000000
  -20.371  -14.659  -10.121   -6.670   -0.976    4.137    6.672    7.134    7.287    7.823
    8.697    8.920
            0.056329  0.573913  0.000000
  -20.368  -14.655  -10.141   -6.665   -0.975    4.166    6.679    7.144    7.291    7.830
    8.705    8.928
            0.059642  0.573913  0.000000
  -20.364  -14.650  -10.163   -6.660   -0.974    4.196    6.687    7.155    7.294    7.838
    8.713    8.938
            0.062956  0.573913  0.000000
  -20.360  -14.645  -10.186   -6.654   -0.972    4.228    6.696    7.167    7.298    7.847
    8.722    8.948
            0.066269  0.573913  0.000000
  -20.356  -14.640  -10.210   -6.648   -0.971    4.262    6.704    7.179    7.301    7.855
    8.731    8.958
            0.069583  0.573912  0.000000
  -20.352  -14.635  -10.235   -6.642   -0.970    4.297    6.714    7.192    7.305    7.865
    8.741    8.969
            0.072896  0.573912  0.000000
  -20.347  -14.629  -10.262   -6.635   -0.968    4.333    6.723    7.206    7.308    7.875
    8.751    8.981
            0.076210  0.573912  0.000000
  -20.343  -14.624  -10.289   -6.628   -0.967    4.371    6.734    7.221    7.312    7.885
    8.762    8.993
            0.079523  0.573912  0.000000
  -20.338  -14.618  -10.317   -6.621   -0.966    4.410    6.744    7.236    7.315    7.895
    8.773    9.005
            0.082836  0.573912  0.000000
  -20.333  -14.611  -10.346   -6.614   -0.964    4.450    6.755    7.251    7.319    7.907
    8.785    9.018
            0.086150  0.573912  0.000000
  -20.328  -14.605  -10.376   -6.606   -0.963    4.492    6.767    7.268    7.322    7.918
    8.797    9.032
            0.089463  0.573912  0.000000
  -20.322  -14.598  -10.407   -6.598   -0.961    4.535    6.779    7.285    7.325    7.930
    8.810    9.046
            0.092777  0.573912  0.000000
  -20.317  -14.591  -10.438   -6.590   -0.960    4.579    6.791    7.303    7.328    7.943
    8.823    9.061
            0.096090  0.573912  0.000000
  -20.311  -14.584  -10.471   -6.581   -0.959    4.624    6.804    7.321    7.331    7.956
    8.836    9.076
            0.099404  0.573912  0.000000
  -20.305  -14.576  -10.504   -6.572   -0.957    4.670    6.818    7.333    7.341    7.969
    8.850    9.081
            0.102717  0.573912  0.000000
  -20.299  -14.568  -10.539   -6.563   -0.956    4.717    6.831    7.336    7.361    7.983
    8.865    9.084
            0.106031  0.573912  0.000000
  -20.293  -14.560  -10.574   -6.554   -0.954    4.766    6.846    7.338    7.381    7.997
    8.880    9.087
            0.109344  0.573912  0.000000
  -20.287  -14.552  -10.609   -6.544   -0.953    4.815    6.861    7.339    7.403    8.012
    8.895    9.090
            0.112658  0.573912  0.000000
  -20.280  -14.544  -10.646   -6.534   -0.952    4.865    6.876    7.340    7.425    8.027
    8.911    9.092
            0.115971  0.573912  0.000000
  -20.273  -14.535  -10.683   -6.524   -0.950    4.916    6.892    7.341    7.448    8.043
    8.927    9.095
            0.119285  0.573912  0.000000
  -20.267  -14.526  -10.720   -6.514   -0.949    4.968    6.908    7.341    7.472    8.059
    8.944    9.099
            0.122598  0.573912  0.000000
  -20.260  -14.516  -10.759   -6.504   -0.948    5.021    6.924    7.340    7.497    8.076
    8.961    9.102
            0.125911  0.573911  0.000000
  -20.252  -14.507  -10.797   -6.493   -0.947    5.074    6.942    7.339    7.522    8.093
    8.979    9.105
            0.129225  0.573911  0.000000
  -20.245  -14.497  -10.837   -6.482   -0.946    5.128    6.959    7.338    7.548    8.111
    8.997    9.109
            0.132538  0.573911  0.000000
  -20.238  -14.487  -10.877   -6.471   -0.945    5.182    6.977    7.335    7.575    8.129
    9.016    9.112
            0.135852  0.573911  0.000000
  -20.230  -14.477  -10.917   -6.459   -0.944    5.237    6.996    7.332    7.603    8.148
    9.035    9.116
            0.139165  0.573911  0.000000
  -20.222  -14.466  -10.958   -6.448   -0.943    5.292    7.015    7.328    7.632    8.167
    9.055    9.121
            0.142479  0.573911  0.000000
  -20.215  -14.456  -11.000   -6.436   -0.943    5.348    7.034    7.323    7.661    8.187
    9.075    9.125
            0.145792  0.573911  0.000000
  -20.207  -14.445  -11.041   -6.424   -0.942    5.404    7.054    7.318    7.691    8.207
    9.095    9.131
            0.149106  0.573911  0.000000
  -20.199  -14.434  -11.084   -6.412   -0.942    5.460    7.075    7.311    7.723    8.228
    9.116    9.136
            0.152419  0.573911  0.000000
  -20.191  -14.422  -11.126   -6.399   -0.941    5.516    7.096    7.304    7.755    8.249
    9.138    9.142
            0.155733  0.573911  0.000000
  -20.182  -14.410  -11.169   -6.387   -0.941    5.573    7.118    7.296    7.788    8.271
    9.149    9.160
            0.159046  0.573911  0.000000
  -20.174  -14.399  -11.212   -6.374   -0.941    5.629    7.140    7.287    7.822    8.293
    9.156    9.182
            0.162359  0.573911  0.000000
  -20.166  -14.386  -11.255   -6.361   -0.941    5.685    7.162    7.277    7.856    8.316
    9.164    9.205
            0.165673  0.573911  0.000000
  -20.157  -14.374  -11.299   -6.348   -0.941    5.742    7.185    7.266    7.892    8.339
    9.173    9.228
            0.168986  0.573911  0.000000
  -20.148  -14.362  -11.343   -6.335   -0.942    5.798    7.209    7.254    7.929    8.363
    9.182    9.252
            0.172300  0.573911  0.000000
  -20.140  -14.349  -11.387   -6.321   -0.942    5.854    7.233    7.241    7.966    8.387
    9.193    9.276
            0.175613  0.573911  0.000000
  -20.131  -14.336  -11.431   -6.308   -0.943    5.910    7.227    7.258    8.004    8.412
    9.204    9.301
            0.178927  0.573911  0.000000
  -20.122  -14.322  -11.475   -6.294   -0.944    5.965    7.213    7.283    8.044    8.438
    9.215    9.326
            0.182240  0.573911  0.000000
  -20.113  -14.309  -11.519   -6.281   -0.944    6.020    7.198    7.309    8.084    8.464
    9.228    9.351
            0.185554  0.573910  0.000000
  -20.105  -14.295  -11.564   -6.267   -0.946    6.074    7.182    7.335    8.124    8.490
    9.242    9.377
            0.188867  0.573910  0.000000
  -20.096  -14.282  -11.608   -6.253   -0.947    6.128    7.165    7.362    8.166    8.517
    9.256    9.404
            0.192181  0.573910  0.000000
  -20.087  -14.267  -11.652   -6.240   -0.949    6.181    7.148    7.390    8.209    8.545
    9.272    9.431
            0.195494  0.573910  0.000000
  -20.078  -14.253  -11.697   -6.226   -0.950    6.234    7.130    7.418    8.252    8.573
    9.288    9.458
            0.198808  0.573910  0.000000
  -20.069  -14.239  -11.741   -6.212   -0.952    6.286    7.111    7.446    8.296    8.602
    9.306    9.486
            0.202121  0.573910  0.000000
  -20.060  -14.224  -11.785   -6.198   -0.954    6.337    7.092    7.476    8.341    8.631
    9.324    9.515
            0.205434  0.573910  0.000000
  -20.051  -14.209  -11.829   -6.183   -0.957    6.387    7.073    7.505    8.386    8.660
    9.343    9.543
            0.208748  0.573910  0.000000
  -20.042  -14.194  -11.873   -6.169   -0.959    6.437    7.053    7.536    8.432    8.691
    9.363    9.573
            0.212061  0.573910  0.000000
  -20.033  -14.179  -11.917   -6.155   -0.962    6.485    7.033    7.567    8.479    8.721
    9.385    9.602
            0.215375  0.573910  0.000000
  -20.024  -14.164  -11.960   -6.141   -0.964    6.533    7.012    7.598    8.526    8.753
    9.407    9.633
            0.218688  0.573910  0.000000
  -20.015  -14.148  -12.004   -6.127   -0.968    6.579    6.992    7.630    8.573    8.785
    9.430    9.663
            0.222002  0.573910  0.000000
  -20.007  -14.132  -12.047   -6.113   -0.971    6.625    6.971    7.663    8.620    8.817
    9.453    9.695
            0.225315  0.573910  0.000000
  -19.998  -14.117  -12.089   -6.099   -0.974    6.670    6.951    7.696    8.668    8.850
    9.478    9.726
            0.228629  0.573910  0.000000
  -19.989  -14.101  -12.132   -6.085   -0.978    6.713    6.930    7.730    8.715    8.883
    9.504    9.758
            0.231942  0.573910  0.000000
  -19.981  -14.085  -12.174   -6.072   -0.982    6.756    6.910    7.764    8.763    8.917
    9.530    9.791
            0.235256  0.573910  0.000000
  -19.972  -14.068  -12.215   -6.058   -0.985    6.798    6.890    7.799    8.810    8.952
    9.557    9.824
            0.238569  0.573910  0.000000
  -19.964  -14.052  -12.257   -6.045   -0.990    6.838    6.869    7.834    8.857    8.987
    9.585    9.857
            0.241883  0.573909  0.000000
  -19.955  -14.036  -12.297   -6.032   -0.994    6.850    6.878    7.870    8.904    9.023
    9.614    9.891
            0.245196  0.573909  0.000000
  -19.947  -14.020  -12.337   -6.018   -0.998    6.830    6.916    7.906    8.949    9.059
    9.644    9.925
            0.248509  0.573909  0.000000
  -19.939  -14.003  -12.377   -6.006   -1.003    6.811    6.953    7.943    8.994    9.095
    9.674    9.960
            0.251823  0.573909  0.000000
  -19.931  -13.987  -12.416   -5.993   -1.007    6.793    6.990    7.980    9.038    9.132
    9.705    9.995
            0.255136  0.573909  0.000000
  -19.924  -13.970  -12.454   -5.980   -1.012    6.775    7.025    8.017    9.080    9.170
    9.737   10.030
            0.258450  0.573909  0.000000
  -19.916  -13.954  -12.492   -5.968   -1.017    6.757    7.059    8.055    9.121    9.208
    9.769   10.066
            0.261763  0.573909  0.000000
  -19.909  -13.937  -12.528   -5.956   -1.021    6.740    7.092    8.093    9.159    9.246
    9.802   10.101
            0.265077  0.573909  0.000000
  -19.902  -13.921  -12.564   -5.944   -1.026    6.724    7.124    8.132    9.196    9.285
    9.835   10.138
            0.268390  0.573909  0.000000
  -19.895  -13.905  -12.599   -5.933   -1.031    6.708    7.155    8.170    9.231    9.325
    9.869   10.174
            0.271704  0.573909  0.000000
  -19.888  -13.889  -12.634   -5.922   -1.036    6.693    7.185    8.209    9.263    9.365
    9.904   10.210
            0.275017  0.573909  0.000000
  -19.882  -13.873  -12.667   -5.911   -1.041    6.679    7.214    8.248    9.292    9.405
    9.939   10.246
            0.278331  0.573909  0.000000
  -19.876  -13.857  -12.699   -5.901   -1.046    6.665    7.242    8.288    9.317    9.446
    9.974   10.282
            0.281644  0.573909  0.000000
  -19.870  -13.842  -12.730   -5.891   -1.051    6.652    7.268    8.327    9.339    9.487
   10.010   10.318
            0.284957  0.573909  0.000000
  -19.864  -13.827  -12.759   -5.882   -1.055    6.640    7.293    8.366    9.357    9.528
   10.046   10.354
            0.288271  0.573909  0.000000
  -19.859  -13.813  -12.788   -5.873   -1.060    6.629    7.318    8.405    9.371    9.570
   10.082   10.389
            0.291584  0.573909  0.000000
  -19.854  -13.799  -12.814   -5.865   -1.064    6.619    7.340    8.444    9.381    9.612
   10.118   10.423
            0.294898  0.573909  0.000000
  -19.849  -13.786  -12.840   -5.857   -1.069    6.609    7.362    8.482    9.387    9.654
   10.154   10.457
            0.298211  0.573909  0.000000
  -19.845  -13.773  -12.863   -5.850   -1.073    6.600    7.382    8.520    9.388    9.697
   10.189   10.491
            0.301525  0.573908  0.000000
  -19.841  -13.762  -12.885   -5.843   -1.076    6.592    7.401    8.557    9.385    9.739
   10.224   10.523
            0.304838  0.573908  0.000000
  -19.837  -13.751  -12.905   -5.837   -1.080    6.585    7.418    8.593    9.378    9.782
   10.257   10.555
            0.308152  0.573908  0.000000
  -19.834  -13.741  -12.923   -5.831   -1.083    6.579    7.434    8.627    9.368    9.824
   10.289   10.586
            0.311465  0.573908  0.000000
  -19.831  -13.733  -12.939   -5.827   -1.086    6.574    7.448    8.660    9.356    9.865
   10.318   10.616
            0.314779  0.573908  0.000000
  -19.828  -13.725  -12.952   -5.822   -1.089    6.570    7.461    8.690    9.341    9.905
   10.344   10.645
            0.318092  0.573908  0.000000
  -19.826  -13.719  -12.963   -5.819   -1.091    6.566    7.471    8.717    9.326    9.944
   10.364   10.673
            0.321406  0.573908  0.000000
  -19.825  -13.715  -12.972   -5.816   -1.093    6.563    7.480    8.739    9.312    9.979
   10.378   10.699
            0.324719  0.573908  0.000000
  -19.824  -13.711  -12.978   -5.814   -1.094    6.561    7.486    8.757    9.300   10.009
   10.384   10.721
            0.328032  0.573908  0.000000
  -19.823  -13.709  -12.982   -5.813   -1.095    6.560    7.490    8.768    9.292   10.031
   10.384   10.737
            0.331346  0.573908  0.000000
  -19.823  -13.709  -12.983   -5.812   -1.095    6.560    7.491    8.771    9.289   10.039
   10.382   10.743
            0.328032  0.568169  0.000000
  -19.824  -13.711  -12.978   -5.814   -1.094    6.561    7.485    8.757    9.301   10.000
   10.400   10.711
            0.324719  0.562430  0.000000
  -19.827  -13.718  -12.964   -5.820   -1.090    6.565    7.467    8.718    9.334    9.894
   10.455   10.618
            0.321406  0.556691  0.000000
  -19.832  -13.727  -12.943   -5.828   -1.084    6.572    7.434    8.665    9.379    9.754
   10.493   10.528
            0.318092  0.550952  0.000000
  -19.839  -13.739  -12.914   -5.841   -1.075    6.581    7.386    8.608    9.428    9.598
   10.356   10.604
            0.314779  0.545213  0.000000
  -19.849  -13.751  -12.880   -5.857   -1.062    6.591    7.321    8.553    9.437    9.471
   10.219   10.666
            0.311465  0.539473  0.000000
  -19.861  -13.763  -12.841   -5.877   -1.046    6.602    7.241    8.501    9.273    9.497
   10.094   10.688
            0.308152  0.533734  0.000000
  -19.875  -13.774  -12.798   -5.902   -1.027    6.614    7.146    8.455    9.110    9.489
    9.999   10.646
            0.304838  0.527995  0.000000
  -19.892  -13.783  -12.752   -5.929   -1.004    6.625    7.038    8.413    8.950    9.432
    9.945   10.553
            0.301525  0.522256  0.000000
  -19.911  -13.789  -12.702   -5.962   -0.977    6.634    6.920    8.374    8.793    9.332
    9.927   10.434
            0.298211  0.516517  0.000000
  -19.932  -13.792  -12.650   -5.998   -0.946    6.640    6.792    8.335    8.642    9.208
    9.923   10.302
            0.294898  0.510778  0.000000
  -19.956  -13.793  -12.596   -6.037   -0.912    6.642    6.658    8.293    8.497    9.074
    9.918   10.165
            0.291584  0.505039  0.000000
  -19.982  -13.790  -12.540   -6.081   -0.873    6.519    6.637    8.245    8.360    8.941
    9.903   10.028
            0.288271  0.499300  0.000000
  -20.011  -13.783  -12.483   -6.128   -0.831    6.376    6.623    8.187    8.232    8.816
    9.873    9.893
            0.284957  0.493561  0.000000
  -20.042  -13.773  -12.423   -6.179   -0.785    6.230    6.599    8.114    8.114    8.703
    9.761    9.828
            0.281644  0.487822  0.000000
  -20.076  -13.758  -12.363   -6.233   -0.736    6.082    6.562    8.007    8.023    8.607
    9.635    9.768
            0.278331  0.482083  0.000000
  -20.111  -13.740  -12.300   -6.291   -0.682    5.933    6.510    7.912    7.915    8.527
    9.517    9.695
            0.275017  0.476344  0.000000
  -20.149  -13.719  -12.237   -6.351   -0.625    5.783    6.444    7.792    7.827    8.461
    9.407    9.611
            0.271704  0.470605  0.000000
  -20.189  -13.693  -12.172   -6.414   -0.565    5.632    6.365    7.657    7.749    8.405
    9.309    9.519
            0.268390  0.464865  0.000000
  -20.231  -13.664  -12.107   -6.480   -0.501    5.481    6.272    7.516    7.676    8.355
    9.224    9.419
            0.265077  0.459126  0.000000
  -20.274  -13.630  -12.040   -6.549   -0.434    5.331    6.168    7.371    7.604    8.309
    9.152    9.315
            0.261763  0.453387  0.000000
  -20.320  -13.594  -11.972   -6.619   -0.364    5.181    6.056    7.223    7.529    8.264
    9.096    9.206
            0.258450  0.447648  0.000000
  -20.367  -13.553  -11.904   -6.692   -0.292    5.032    5.937    7.073    7.450    8.219
    9.054    9.094
            0.255136  0.441909  0.000000
  -20.415  -13.509  -11.834   -6.767   -0.216    4.884    5.813    6.924    7.365    8.173
    8.979    9.026
            0.251823  0.436170  0.000000
  -20.465  -13.462  -11.763   -6.843   -0.138    4.737    5.686    6.774    7.273    8.126
    8.863    9.010
            0.248509  0.430431  0.000000
  -20.517  -13.411  -11.692   -6.921   -0.058    4.591    5.556    6.626    7.175    8.079
    8.745    9.003
            0.245196  0.424692  0.000000
  -20.570  -13.357  -11.620   -7.000    0.025    4.446    5.424    6.478    7.071    8.029
    8.627    9.003
            0.241883  0.418953  0.000000
  -20.623  -13.300  -11.547   -7.081    0.110    4.302    5.292    6.331    6.963    7.977
    8.507    9.007
            0.238569  0.413214  0.000000
  -20.678  -13.240  -11.473   -7.162    0.196    4.160    5.160    6.185    6.851    7.924
    8.388    9.011
            0.235256  0.407475  0.000000
  -20.734  -13.177  -11.399   -7.245    0.285    4.019    5.028    6.041    6.736    7.869
    8.269    9.012
            0.231942  0.401736  0.000000
  -20.790  -13.111  -11.324   -7.328    0.374    3.880    4.896    5.899    6.619    7.811
    8.151    9.007
            0.228629  0.395996  0.000000
  -20.847  -13.042  -11.248   -7.412    0.465    3.743    4.766    5.758    6.502    7.751
    8.033    8.995
            0.225315  0.390257  0.000000
  -20.905  -12.970  -11.172   -7.496    0.557    3.607    4.637    5.619    6.384    7.688
    7.918    8.973
            0.222002  0.384518  0.000000
  -20.963  -12.896  -11.095   -7.581    0.650    3.472    4.510    5.481    6.265    7.621
    7.806    8.941
            0.218688  0.378779  0.000000
  -21.022  -12.820  -11.018   -7.666    0.743    3.340    4.385    5.345    6.147    7.547
    7.700    8.898
            0.215375  0.373040  0.000000
  -21.081  -12.741  -10.940   -7.751    0.837    3.209    4.262    5.211    6.030    7.464
    7.604    8.845
            0.212061  0.367301  0.000000
  -21.140  -12.660  -10.862   -7.836    0.930    3.079    4.141    5.079    5.914    7.370
    7.518    8.784
            0.208748  0.361562  0.000000
  -21.200  -12.577  -10.783   -7.921    1.024    2.952    4.023    4.949    5.799    7.268
    7.441    8.715
            0.205434  0.355823  0.000000
  -21.259  -12.492  -10.704   -8.005    1.116    2.826    3.907    4.821    5.686    7.160
    7.370    8.640
            0.202121  0.350084  0.000000
  -21.319  -12.404  -10.625   -8.090    1.206    2.702    3.795    4.694    5.574    7.051
    7.302    8.561
            0.198808  0.344345  0.000000
  -21.378  -12.315  -10.545   -8.174    1.295    2.580    3.687    4.570    5.465    6.942
    7.235    8.478
            0.195494  0.338606  0.000000
  -21.437  -12.224  -10.465   -8.258    1.381    2.460    3.583    4.447    5.358    6.832
    7.169    8.392
            0.192181  0.332867  0.000000
  -21.496  -12.131  -10.384   -8.341    1.463    2.342    3.484    4.326    5.254    6.723
    7.105    8.304
            0.188867  0.327128  0.000000
  -21.555  -12.037  -10.304   -8.424    1.540    2.225    3.391    4.207    5.153    6.615
    7.041    8.216
            0.185554  0.321388  0.000000
  -21.614  -11.941  -10.223   -8.506    1.611    2.110    3.304    4.091    5.054    6.508
    6.978    8.127
            0.182240  0.315649  0.000000
  -21.672  -11.843  -10.143   -8.587    1.674    1.998    3.225    3.976    4.960    6.403
    6.916    8.038
            0.178927  0.309910  0.000000
  -21.729  -11.744  -10.062   -8.667    1.727    1.887    3.156    3.863    4.869    6.299
    6.855    7.949
            0.175613  0.304171  0.000000
  -21.787  -11.644   -9.981   -8.747    1.769    1.778    3.097    3.752    4.783    6.196
    6.795    7.861
            0.172300  0.298432  0.000000
  -21.843  -11.542   -9.900   -8.826    1.671    1.797    3.051    3.643    4.702    6.095
    6.737    7.775
            0.168986  0.292693  0.000000
  -21.899  -11.439   -9.819   -8.904    1.566    1.809    3.016    3.536    4.627    5.995
    6.679    7.689
            0.165673  0.286954  0.000000
  -21.955  -11.335   -9.739   -8.981    1.463    1.807    2.994    3.432    4.558    5.897
    6.623    7.605
            0.162359  0.281215  0.000000
  -22.010  -11.230   -9.658   -9.057    1.361    1.789    2.983    3.329    4.498    5.800
    6.568    7.524
            0.159046  0.275476  0.000000
  -22.064  -11.125   -9.578   -9.131    1.262    1.757    2.978    3.228    4.446    5.705
    6.514    7.444
            0.155733  0.269737  0.000000
  -22.118  -11.018   -9.498   -9.205    1.165    1.715    2.977    3.129    4.404    5.612
    6.463    7.366
            0.152419  0.263998  0.000000
  -22.170  -10.910   -9.418   -9.278    1.069    1.664    2.977    3.032    4.372    5.520
    6.412    7.291
            0.149106  0.258259  0.000000
  -22.222  -10.802   -9.349   -9.339    0.976    1.606    2.938    2.974    4.352    5.430
    6.363    7.219
            0.145792  0.252519  0.000000
  -22.273  -10.693   -9.419   -9.260    0.884    1.544    2.845    2.965    4.344    5.342
    6.316    7.150
            0.142479  0.246780  0.000000
  -22.324  -10.584   -9.488   -9.182    0.795    1.479    2.754    2.950    4.347    5.256
    6.271    7.083
            0.139165  0.241041  0.000000
  -22.373  -10.474   -9.556   -9.104    0.707    1.411    2.666    2.928    4.361    5.172
    6.227    7.021
            0.135852  0.235302  0.000000
  -22.422  -10.364   -9.623   -9.027    0.622    1.342    2.579    2.900    4.383    5.089
    6.185    6.962
            0.132538  0.229563  0.000000
  -22.469  -10.253   -9.688   -8.951    0.538    1.273    2.494    2.865    4.413    5.008
    6.145    6.906
            0.129225  0.223824  0.000000
  -22.516  -10.143   -9.751   -8.875    0.457    1.203    2.412    2.825    4.448    4.929
    6.107    6.856
            0.125911  0.218085  0.000000
  -22.561  -10.032   -9.814   -8.800    0.377    1.134    2.331    2.781    4.486    4.852
    6.071    6.809
            0.122598  0.212346  0.000000
  -22.606   -9.921   -9.875   -8.726    0.299    1.066    2.253    2.734    4.527    4.776
    6.037    6.768
            0.119285  0.206607  0.000000
  -22.650   -9.935   -9.811   -8.653    0.224    0.998    2.177    2.685    4.568    4.703
    6.004    6.732
            0.115971  0.200868  0.000000
  -22.693   -9.993   -9.701   -8.581    0.150    0.931    2.102    2.634    4.608    4.631
    5.974    6.701
            0.112658  0.195129  0.000000
  -22.734  -10.050   -9.591   -8.510    0.078    0.866    2.030    2.582    4.561    4.646
    5.945    6.676
            0.109344  0.189390  0.000000
  -22.775  -10.105   -9.481   -8.440    0.008    0.802    1.960    2.530    4.493    4.681
    5.919    6.657
            0.106031  0.183651  0.000000
  -22.814  -10.159   -9.372   -8.371   -0.059    0.739    1.891    2.477    4.427    4.712
    5.894    6.643
            0.102717  0.177911  0.000000
  -22.853  -10.211   -9.264   -8.304   -0.125    0.678    1.825    2.425    4.363    4.739
    5.871    6.636
            0.099404  0.172172  0.000000
  -22.890  -10.261   -9.157   -8.238   -0.189    0.619    1.761    2.374    4.301    4.762
    5.850    6.635
            0.096090  0.166433  0.000000
  -22.926  -10.311   -9.050   -8.173   -0.251    0.561    1.699    2.323    4.240    4.780
    5.831    6.640
            0.092777  0.160694  0.000000
  -22.961  -10.358   -8.945   -8.110   -0.311    0.505    1.639    2.273    4.182    4.793
    5.814    6.650
            0.089463  0.154955  0.000000
  -22.995  -10.404   -8.841   -8.048   -0.369    0.451    1.581    2.224    4.125    4.801
    5.799    6.665
            0.086150  0.149216  0.000000
  -23.028  -10.449   -8.739   -7.988   -0.424    0.398    1.525    2.176    4.071    4.805
    5.786    6.684
            0.082836  0.143477  0.000000
  -23.060  -10.492   -8.638   -7.930   -0.478    0.348    1.471    2.130    4.018    4.805
    5.774    6.707
            0.079523  0.137738  0.000000
  -23.090  -10.533   -8.539   -7.873   -0.530    0.299    1.419    2.085    3.967    4.802
    5.764    6.732
            0.076210  0.131999  0.000000
  -23.120  -10.573   -8.441   -7.818   -0.580    0.252    1.370    2.042    3.918    4.796
    5.756    6.710
            0.072896  0.126260  0.000000
  -23.148  -10.611   -8.346   -7.765   -0.628    0.207    1.322    2.000    3.871    4.788
    5.750    6.665
            0.069583  0.120521  0.000000
  -23.175  -10.647   -8.253   -7.714   -0.674    0.164    1.276    1.959    3.826    4.777
    5.745    6.620
            0.066269  0.114782  0.000000
  -23.200  -10.682   -8.163   -7.664   -0.717    0.123    1.233    1.921    3.783    4.765
    5.741    6.576
            0.062956  0.109043  0.000000
  -23.225  -10.715   -8.075   -7.617   -0.759    0.084    1.191    1.884    3.742    4.751
    5.740    6.531
            0.059642  0.103303  0.000000
  -23.248  -10.747   -7.990   -7.572   -0.799    0.047    1.152    1.849    3.703    4.737
    5.739    6.485
            0.056329  0.097564  0.000000
  -23.270  -10.776   -7.908   -7.529   -0.836    0.011    1.114    1.816    3.666    4.722
    5.740    6.439
            0.053015  0.091825  0.000000
  -23.291  -10.805   -7.829   -7.488   -0.872   -0.022    1.079    1.784    3.631    4.707
    5.742    6.392
            0.049702  0.086086  0.000000
  -23.311  -10.831   -7.753   -7.450   -0.906   -0.053    1.046    1.755    3.597    4.692
    5.745    6.343
            0.046388  0.080347  0.000000
  -23.329  -10.856   -7.682   -7.413   -0.937   -0.083    1.015    1.727    3.566    4.678
    5.749    6.293
            0.043075  0.074608  0.000000
  -23.346  -10.879   -7.613   -7.379   -0.967   -0.110    0.986    1.701    3.537    4.663
    5.754    6.242
            0.039762  0.068869  0.000000
  -23.362  -10.900   -7.550   -7.347   -0.994   -0.135    0.959    1.677    3.510    4.649
    5.760    6.191
            0.036448  0.063130  0.000000
  -23.377  -10.920   -7.490   -7.318   -1.019   -0.159    0.934    1.654    3.485    4.636
    5.766    6.140
            0.033135  0.057391  0.000000
  -23.390  -10.938   -7.435   -7.291   -1.042   -0.180    0.912    1.634    3.462    4.624
    5.773    6.091
            0.029821  0.051652  0.000000
  -23.402  -10.954   -7.384   -7.267   -1.063   -0.199    0.891    1.616    3.441    4.612
    5.780    6.045
            0.026508  0.045913  0.000000
  -23.413  -10.969   -7.339   -7.245   -1.082   -0.216    0.873    1.599    3.423    4.602
    5.788    6.001
            0.023194  0.040174  0.000000
  -23.422  -10.982   -7.298   -7.225   -1.098   -0.232    0.857    1.584    3.406    4.592
    5.795    5.962
            0.019881  0.034434  0.000000
  -23.431  -10.993   -7.262   -7.208   -1.113   -0.245    0.843    1.572    3.392    4.584
    5.802    5.926
            0.016567  0.028695  0.000000
  -23.438  -11.003   -7.232   -7.194   -1.125   -0.256    0.831    1.561    3.380    4.577
    5.808    5.896
            0.013254  0.022956  0.000000
  -23.443  -11.010   -7.206   -7.182   -1.135   -0.265    0.821    1.552    3.370    4.571
    5.814    5.871
            0.009940  0.017217  0.000000
  -23.448  -11.016   -7.187   -7.173   -1.143   -0.272    0.813    1.546    3.362    4.567
    5.818    5.851
            0.006627  0.011478  0.000000
  -23.451  -11.021   -7.172   -7.166   -1.148   -0.277    0.808    1.541    3.356    4.564
    5.822    5.836
            0.003313  0.005739  0.000000
  -23.453  -11.023   -7.164   -7.162   -1.152   -0.280    0.805    1.538    3.353    4.562
    5.824    5.827
            0.000000  0.000000  0.000000
  -23.454  -11.024   -7.161   -7.161   -1.153   -0.281    0.804    1.537    3.352    4.561
    5.824    5.824
